0.000000 0.000000 -0.002137
-0.004129 -0.014716 -0.217674
-0.005679 -0.020548 -0.471576
-0.004811 -0.019625 -0.653496
0.009789 -0.026043 -0.851960
0.065148 -0.049840 -0.887079
0.144639 -0.085598 -0.900400
0.179769 -0.131056 -0.922572
0.216280 -0.180071 -0.935366
0.252133 -0.228864 -0.944346
0.287179 -0.277582 -0.953117
0.321492 -0.326111 -0.955647
0.356572 -0.375360 -0.957536
0.402228 -0.413519 -0.976724
0.436030 -0.463072 -0.975350
0.466500 -0.507894 -0.973114
0.503951 -0.541598 -0.794499
0.532730 -0.565440 -0.619539
0.583085 -0.596656 -0.524891
0.644962 -0.605061 -0.468778
0.699180 -0.631741 -0.453162
0.754842 -0.659013 -0.447006
0.809302 -0.685306 -0.439552
0.862798 -0.711060 -0.431786
0.916961 -0.736171 -0.426860
0.971549 -0.761228 -0.427754
1.026435 -0.786592 -0.423616
1.066105 -0.854071 -0.409434
1.115045 -0.875307 -0.392053
1.149426 -0.876106 -0.181838
1.195326 -0.880694 0.030666
1.261836 -0.878159 0.106413
1.314044 -0.872582 0.126520
1.369251 -0.885756 0.171590
1.420542 -0.877688 0.178139
1.477239 -0.867823 0.185789
1.530123 -0.857625 0.191976
1.551831 -0.848318 0.390623
1.559685 -0.842459 0.568112
1.598549 -0.805293 0.748815
1.637269 -0.769983 0.778200
1.679735 -0.728586 0.792956
1.722486 -0.685469 0.802683
1.764640 -0.642091 0.808348
1.806279 -0.598569 0.812300
1.847885 -0.555777 0.815727
1.889189 -0.512439 0.822323
1.935011 -0.473408 0.812445
1.976990 -0.430068 0.815433
2.017807 -0.386966 0.818262
2.054454 -0.347483 0.819682
2.080096 -0.301636 1.041769
2.084021 -0.296577 1.280853
2.085198 -0.295675 1.544707
2.085227 -0.295255 1.725197
2.095724 -0.324143 1.919570
2.095779 -0.325427 2.112982
2.096270 -0.326681 2.294058
2.080842 -0.361833 2.479944
2.062236 -0.357253 2.677026
2.026046 -0.342958 2.919120
2.026917 -0.342370 3.115295
2.027022 -0.342073 -3.123944
1.992586 -0.343043 -2.945565
1.943099 -0.351562 -2.868429
1.888725 -0.367099 -2.739796
1.840119 -0.386503 -2.710834
1.786683 -0.410850 -2.696692
1.736176 -0.435171 -2.694430
1.703691 -0.438056 -2.879001
1.638848 -0.446993 -3.012277
1.581064 -0.453617 -3.033220
1.520756 -0.459472 -3.047379
1.469879 -0.461413 -3.077449
1.410239 -0.465161 -3.083161
1.350964 -0.468172 -3.087321
1.290837 -0.471351 -3.089932
1.230516 -0.474300 -3.092294
1.171555 -0.477132 -3.092700
1.111794 -0.479814 -3.094207
1.051568 -0.482761 -3.094803
0.991323 -0.485637 -3.095820
0.923155 -0.474953 -3.111129
0.863252 -0.476926 -3.110054
0.803136 -0.479085 -3.111845
0.743544 -0.481123 -3.112022
0.683537 -0.482878 -3.110586
0.624120 -0.484867 -3.109735
0.562964 -0.486940 -3.110326
0.503589 -0.488874 -3.109038
0.443792 -0.490947 -3.107897
0.395765 -0.515084 -3.070717
0.335774 -0.519512 -3.072682
0.276017 -0.523745 -3.072531
0.217487 -0.528111 -3.070963
0.157703 -0.532329 -3.069278
0.103225 -0.536933 -3.070495
EOP
